id	freq	bl.mean	bl.sd	bl.cv	bl.skew	bl.ESS	bl.perc5	bl.perc25	bl.perc50	bl.perc75	bl.perc95	bl.prsf
397	20002	0.0213179	0.000341368	0.0160132	0.141497	719.935	0.0207745	0.0210774	0.0213016	0.0215534	0.021893	1.00389
396	20002	0.0341701	0.000447506	0.0130964	0.0442648	444.597	0.0334073	0.0338778	0.0341536	0.0344756	0.0348919	1.00471
395	20002	0.0187661	0.000305787	0.0162946	-0.0415071	575.456	0.0182554	0.0185662	0.0187615	0.0189676	0.0192914	1.00017
394	20002	0.0592743	0.000594432	0.0100285	-0.0821959	650.687	0.0582582	0.0588917	0.0592899	0.0596702	0.0602355	1.01112
393	20002	0.00640932	0.000180243	0.0281221	0.116875	518.769	0.00612195	0.00628909	0.00640175	0.00652768	0.00672546	1.00006
392	20002	0.0290199	0.00037034	0.0127616	0.118165	742.904	0.0284128	0.0287797	0.0290034	0.0292675	0.0296328	1.00237
391	20002	0.0603659	0.000607051	0.0100562	0.0242524	639.182	0.0593745	0.0599691	0.060358	0.0607755	0.0613797	0.999954
390	20002	0.0428193	0.000481886	0.0112539	0.0569632	662.87	0.0420399	0.0424848	0.0428243	0.0431451	0.0436386	1.00042
389	20002	0.00140444	0.000106802	0.0760464	0.0313868	523.741	0.00122525	0.00133547	0.00140468	0.00147133	0.00158709	0.999957
388	20002	0.00409827	0.000159192	0.0388438	0.0575761	657.03	0.00384082	0.00398865	0.00409995	0.0041978	0.00437672	0.999952
387	20002	0.0326071	0.00043832	0.0134425	-0.132098	555.205	0.0318726	0.0323022	0.0326178	0.0329196	0.0333155	1.0007
386	20002	0.0386559	0.000460832	0.0119214	-0.0573422	594.115	0.0378881	0.0383306	0.0386731	0.0389727	0.0394016	1.00045
385	20002	0.0473427	0.000529449	0.0111833	0.0743542	673.118	0.0464799	0.0469706	0.047333	0.0477029	0.0482347	1.00468
384	20002	0.0113063	0.000227302	0.020104	0.101884	765.065	0.0109407	0.0111579	0.0113005	0.0114544	0.0117007	1.00067
383	20002	0.00798324	0.000228919	0.028675	0.36046	672.197	0.00763758	0.00782161	0.00797839	0.00811834	0.0083874	1.00003
382	20002	0.00726881	0.00022584	0.0310697	2.7283e-05	589.883	0.00689728	0.00711953	0.00727567	0.00742316	0.00763412	0.999959
381	20002	0.0170737	0.000346047	0.0202679	0.112139	693.917	0.0164977	0.0168531	0.0170587	0.0173134	0.0176602	1.00032
380	20002	0.0160166	0.000285563	0.0178292	0.040123	642.761	0.0155542	0.0158241	0.0160122	0.0162031	0.0164987	1.00164
379	20002	0.00272869	0.000159486	0.0584478	0.117493	498.147	0.00246998	0.00260888	0.00273359	0.00284471	0.00298457	0.999966
378	20002	0.0289087	0.000434826	0.0150414	0.111426	703.842	0.0282235	0.0286147	0.0288836	0.0292058	0.0296759	1.00199
377	20002	0.01477	0.000299684	0.02029	-0.0510221	671.311	0.0142821	0.0145736	0.0147695	0.0149722	0.0152786	1.00068
376	20002	0.00218408	0.000183875	0.0841888	0.188587	529.116	0.00187737	0.00206888	0.00218162	0.00229763	0.00249761	1.00145
375	20002	0.0273991	0.000380399	0.0138836	0.0106721	746.581	0.0267508	0.0271578	0.0273933	0.0276551	0.0280085	1.00018
374	20002	0.0230155	0.00042943	0.0186583	0.0328097	629.817	0.0223332	0.0227211	0.0229937	0.023322	0.0237414	1.00126
373	20002	0.0756603	0.000706052	0.00933187	-0.0628456	451.537	0.0745359	0.0751908	0.0756533	0.0761374	0.0768571	1.00016
372	20002	0.00469506	0.000219931	0.0468431	-0.00916788	516.386	0.00434728	0.00454554	0.00470075	0.00484664	0.00504173	1.00627
371	20002	0.0521005	0.000576767	0.0110703	0.0517763	549.745	0.0511784	0.0516865	0.0520773	0.0525189	0.0530428	1.0153
370	20002	0.0283306	0.000390271	0.0137756	-0.0877225	683.475	0.0276728	0.0280591	0.0283417	0.0285948	0.0289491	1.00007
369	20002	0.0208186	0.000350156	0.0168194	0.0291266	600.243	0.0202448	0.0205796	0.0208207	0.0210521	0.0213904	1.00158
368	20002	0.00655606	0.000220777	0.0336752	-0.107786	658.049	0.00619139	0.00641296	0.00655627	0.00669932	0.00692228	1.0028
367	20002	0.0304	0.000422924	0.013912	0.0628643	598.849	0.0297235	0.0301143	0.0303873	0.0306938	0.03107	0.999958
366	20002	0.00802836	0.000264247	0.0329142	0.0103655	670.912	0.00758747	0.00784113	0.00803097	0.00821324	0.00846611	1.00844
365	20002	0.0126724	0.000266338	0.0210171	-0.0404147	746.094	0.0122148	0.0124966	0.0126774	0.0128375	0.0131102	1.00315
364	20002	0.0252474	0.000354629	0.0140461	0.0995997	453.936	0.0246549	0.0250095	0.0252449	0.0254819	0.0258207	1.00041
363	20002	0.0246522	0.000358531	0.0145436	-0.0527292	561.305	0.0240424	0.0244115	0.0246487	0.0249023	0.0252565	1.00112
362	20002	0.0518959	0.000563387	0.0108561	0.0349981	586.982	0.0509943	0.0515253	0.0518884	0.0522674	0.0528305	1.00087
361	20002	0.0262812	0.000382184	0.0145421	-0.0143388	789.011	0.0256542	0.0260212	0.0262809	0.0265384	0.0269318	1.00468
360	20002	0.00538876	0.000156793	0.0290963	0.115032	617.648	0.00513709	0.00527687	0.00538729	0.00549328	0.00565266	1.00002
359	20002	0.0214999	0.000367134	0.0170761	-0.0449273	391.932	0.0209051	0.0212428	0.0215047	0.0217672	0.0220891	1.002
358	20002	0.000888736	9.73623e-05	0.109551	0.132372	680.878	0.000725899	0.000820243	0.000892651	0.000951168	0.00105246	0.999954
357	20002	0.00360141	0.000160489	0.0445628	0.0841297	721.654	0.00334194	0.00348645	0.0036026	0.00370847	0.00386632	1.00002
356	20002	0.00288561	0.000136187	0.0471952	-0.101704	601.91	0.00265881	0.00279497	0.00288609	0.0029799	0.00310976	1.01455
355	20002	0.0493381	0.000507033	0.0102767	0.0404402	734.469	0.0484721	0.0490068	0.0493347	0.0496705	0.0501924	1.00016
354	20002	0.0103595	0.000219122	0.0211516	0.0441087	745.975	0.0100092	0.0102059	0.0103585	0.0105119	0.0107162	1.00018
353	20002	0.00613295	0.000183608	0.029938	0.0888672	819.145	0.00582507	0.00601233	0.00612946	0.0062497	0.00644812	1.00004
352	20002	0.00632566	0.000189455	0.0299502	-0.0253577	597.919	0.00601099	0.00620224	0.0063227	0.00644389	0.00664875	1.00029
351	20002	0.0413206	0.000468937	0.0113487	0.159237	635.766	0.0405775	0.0410113	0.0413027	0.0416119	0.0421442	1.00036
350	20002	0.032189	0.000451348	0.0140218	0.0446038	607.852	0.0314577	0.0318762	0.0321887	0.0325021	0.0329339	1.00269
349	20002	0.0309621	0.000425939	0.0137568	0.00406672	594.73	0.0302503	0.0306813	0.0309531	0.0312532	0.0316651	1.0079
348	20002	0.0836135	0.000717076	0.00857608	0.221834	567.411	0.0825167	0.0831081	0.0835931	0.0840834	0.0847858	1.00191
347	20002	0.0103039	0.000226614	0.0219929	0.058128	663.043	0.00992914	0.0101502	0.010298	0.010459	0.010681	1.00261
346	20002	0.00831856	0.000195388	0.0234882	0.0488363	785.58	0.00799985	0.00818121	0.00832223	0.00845183	0.00863248	0.999977
345	20002	0.00548706	0.000215801	0.039329	0.109559	753.844	0.00514969	0.00534521	0.0054808	0.00562514	0.00585501	1.00021
344	20002	0.00564955	0.000178249	0.0315509	0.124201	466.783	0.00537036	0.00551731	0.00565054	0.00577662	0.00594516	1.00057
343	20002	0.0122285	0.000241756	0.0197699	0.142342	708.88	0.0118424	0.0120625	0.0122219	0.0123833	0.0126417	0.999966
342	20002	0.00167428	0.000118053	0.0705096	0.284426	625.785	0.00149018	0.00159787	0.00166722	0.00174662	0.00188729	1.00016
341	20002	0.0333558	0.000412012	0.012352	-0.00691622	651.467	0.0326757	0.0330712	0.0333618	0.0336309	0.0340271	1.00002
340	20002	0.0140268	0.000261605	0.0186503	0.0449475	684.286	0.0135824	0.013847	0.0140338	0.0141966	0.0144605	1.001
339	20002	0.0157752	0.000273058	0.0173093	0.0299592	621.138	0.0153098	0.0156039	0.0157704	0.0159541	0.0162247	1.0071
338	20002	0.00103591	9.8227e-05	0.0948219	0.194668	700.44	0.000879458	0.000963638	0.0010354	0.00109697	0.00120208	1.00421
337	20002	0.00596512	0.000186615	0.0312844	-0.121408	630.914	0.00564531	0.00583988	0.0059723	0.00609607	0.00625818	1.00958
336	20002	0.0485663	0.000531727	0.0109485	0.11248	480.455	0.0477298	0.0482029	0.0485405	0.0489312	0.0494585	1.00064
335	20002	0.0299294	0.000417355	0.0139446	0.0290016	612.582	0.0292432	0.0296288	0.0299308	0.030221	0.0306042	0.99995
334	20002	0.0155871	0.00029339	0.0188226	0.0512302	659.57	0.0151076	0.0153875	0.015579	0.0157801	0.0160777	1.00222
333	20002	0.0226787	0.00035287	0.0155595	-0.052967	630.382	0.0221005	0.0224464	0.0226815	0.0229148	0.0232596	1.00053
332	20002	0.00979318	0.000245931	0.0251125	-0.139028	343.327	0.00940278	0.00963459	0.00978886	0.00996477	0.0101737	1.00237
331	20002	0.000622158	7.33749e-05	0.117936	0.118446	608.308	0.000504011	0.000568954	0.000622122	0.000671513	0.000744132	1.00001
330	20002	0.00758131	0.000179761	0.023711	0.214661	609.321	0.007301	0.00746065	0.00756543	0.00769743	0.00790609	1.00026
329	20002	0.0714286	0.000691567	0.00968193	0.013192	545.056	0.0703051	0.0709546	0.0714304	0.0718965	0.0725546	1.00066
328	20002	0.0677465	0.00064816	0.00956743	-0.0333808	729.484	0.0666841	0.0672898	0.0677443	0.0682173	0.0687993	0.999981
327	20002	0.00778606	0.000193273	0.0248229	0.204799	684.421	0.00748465	0.0076473	0.0077787	0.00791637	0.00811237	1.00063
326	20002	0.0615821	0.000638164	0.0103628	0.088178	516.409	0.0605635	0.0611396	0.0615849	0.0620042	0.0626478	1.00132
325	20002	0.0118364	0.000281068	0.023746	0.0250599	511.51	0.0114061	0.0116394	0.0118365	0.012016	0.0123041	1.003
324	20002	0.00786728	0.000212033	0.0269513	0.203875	519.232	0.00753525	0.00771617	0.00785921	0.00800894	0.00823005	1.00264
323	20002	0.00814163	0.000208735	0.025638	0.198176	691.895	0.00781577	0.00799731	0.00813571	0.00827724	0.00850098	1.00044
322	20002	0.0633618	0.000621113	0.00980264	-0.000511245	542.121	0.062344	0.0629183	0.0633714	0.063788	0.064375	1.00561
321	20002	0.00588006	0.000215051	0.036573	0.135025	530.716	0.00552446	0.00573709	0.00587361	0.00602856	0.00623424	1.00006
320	20002	0.00269812	0.0001393	0.0516286	0.059587	703.689	0.00247192	0.0025983	0.00269616	0.00279458	0.00292939	1.00209
319	20002	0.00101215	8.49569e-05	0.0839369	0.136208	561.458	0.000872691	0.000955816	0.00100903	0.00106659	0.00115594	0.999969
318	20002	0.0291965	0.000409991	0.0140425	0.120996	558.487	0.0285191	0.0289356	0.0291855	0.029462	0.0298837	1.00044
317	20002	0.0102341	0.000221878	0.0216801	-0.154616	640.052	0.00985768	0.0100929	0.0102415	0.0103816	0.0106064	1.00046
316	20002	0.0233977	0.000351405	0.0150188	0.180336	668.581	0.0228269	0.023165	0.023394	0.0236216	0.0239647	0.999964
315	20002	0.0123631	0.000243991	0.0197354	-0.0309923	617.174	0.0119643	0.0122001	0.0123632	0.0125274	0.0127554	1.00137
314	20002	0.00238514	0.00012302	0.0515775	0.106435	568.685	0.00219737	0.00230199	0.00237905	0.00246649	0.00259871	1.00625
313	20002	0.0257239	0.000388976	0.0151212	0.0200691	498.285	0.0250678	0.0254743	0.0257231	0.0259805	0.0263725	1
312	20002	0.0443206	0.000468699	0.0105752	0.0275218	616.969	0.0435341	0.044015	0.0443141	0.0446293	0.0451324	1.00096
311	20002	0.0135675	0.000304578	0.0224491	0.0651259	600.636	0.0130762	0.0133624	0.0135555	0.0137759	0.0140807	1.00043
310	20002	0.0124209	0.000243576	0.0196102	0.00710096	691.525	0.0120197	0.0122578	0.0124153	0.0125829	0.0128403	1.00161
309	20002	0.0230317	0.00034521	0.0149884	-0.0913916	773.581	0.022468	0.022811	0.0230335	0.0232644	0.0235792	1.00057
308	20002	0.0408485	0.000517106	0.0126591	-0.109768	454.196	0.0399576	0.0405079	0.0408605	0.041201	0.041692	1.00073
307	20002	0.0544846	0.000546919	0.0100381	0.126322	691.014	0.0536169	0.0540948	0.0544837	0.0548493	0.055396	1.00285
306	20002	0.00640532	0.000230119	0.0359262	0.089345	552.46	0.00603821	0.00624186	0.00640395	0.00656532	0.00678561	0.999982
305	20002	0.0273209	0.00036338	0.0133004	0.0261941	674.077	0.0267107	0.0270759	0.0273174	0.0275624	0.0279334	1.00474
304	20002	0.000495672	6.17412e-05	0.124561	0.0723554	572.533	0.000399897	0.000452589	0.000497808	0.000539046	0.000593911	1.00024
303	20002	0.0196599	0.000333537	0.0169654	0.0193549	669.899	0.0191053	0.0194219	0.0196688	0.0198903	0.0202001	1.00123
302	20002	0.0218215	0.000340488	0.0156034	0.0296951	589.595	0.0212515	0.0215995	0.0218148	0.0220525	0.0223849	1.00281
301	20002	0.0354967	0.000456929	0.0128724	-0.125166	435.224	0.0347584	0.03518	0.0354884	0.0358265	0.0362522	0.999991
300	20002	0.0274695	0.000390729	0.0142241	-0.0837693	735.393	0.0268116	0.027206	0.027466	0.027752	0.0280881	0.999982
299	20002	0.0167651	0.00027437	0.0163656	0.0315587	756.718	0.0163188	0.0165763	0.0167634	0.016947	0.0172326	1.00023
298	20002	0.0101621	0.000240234	0.0236401	-0.252086	670.128	0.00973897	0.010007	0.0101749	0.0103295	0.0105426	1.00395
297	20002	0.0361038	0.000488383	0.0135272	-0.0659626	534.7	0.0352828	0.0357924	0.036107	0.0364226	0.0369144	1.00035
296	20002	0.000779626	7.63158e-05	0.0978877	0.00805308	681.125	0.000650234	0.000726337	0.0007821	0.000827482	0.000912296	1.00221
295	20002	0.00101537	9.73664e-05	0.0958924	0.190227	503.425	0.000860174	0.000951049	0.00101274	0.00107426	0.00119005	0.999978
294	20002	0.0083531	0.000210177	0.0251616	0.0203728	628.039	0.00801519	0.00820856	0.00835089	0.00849394	0.00871073	0.999968
293	20002	0.00253656	0.000175827	0.069317	0.0257972	612.789	0.00224744	0.00242001	0.00252888	0.0026565	0.00284038	1.00211
292	20002	0.00910441	0.000306302	0.0336433	0.0656629	503.879	0.00860344	0.00889032	0.00910905	0.00930295	0.00960644	1.00225
291	20002	0.0130987	0.000271151	0.0207006	0.124284	763.842	0.0126678	0.0129095	0.013086	0.0132778	0.0135619	1.00011
290	20002	0.0205563	0.000329258	0.0160174	-0.0787684	283.934	0.0200033	0.020317	0.0205806	0.020781	0.0210981	1.00216
289	20002	0.0299556	0.00039667	0.0132419	0.178201	550.917	0.0293335	0.0296894	0.0299493	0.0301989	0.030641	1.00163
288	10672	0.000807551	0.000102292	0.126669	0.099976	347.13	0.000643476	0.000737502	0.000804999	0.000872844	0.000984	1.00506
287	20002	0.0190137	0.000297415	0.0156421	-0.00203083	684.279	0.0185302	0.0188186	0.0190061	0.0192174	0.0195273	1.00152
286	20002	0.0137389	0.000258982	0.0188503	-0.0582618	715.12	0.0133087	0.0135627	0.0137403	0.0139182	0.0141599	1.00255
285	20002	0.0398186	0.000436035	0.0109505	0.0726211	571.853	0.0391021	0.0395245	0.0398133	0.0401156	0.0405337	1.00168
284	20002	0.00800223	0.000190135	0.0237603	-0.000982841	641.723	0.00768066	0.00787372	0.00800445	0.00813267	0.00830595	0.99995
283	20002	0.00772479	0.000242581	0.0314029	0.0718209	477.267	0.00733138	0.00755654	0.0077183	0.00788297	0.00811695	1.00533
282	20002	0.027027	0.000434719	0.0160846	-0.162287	575.905	0.0262799	0.0267428	0.0270424	0.0273215	0.0277354	0.999973
281	20002	0.0049298	0.000166672	0.0338091	-0.0292422	534.61	0.00465375	0.00482085	0.00493271	0.00503999	0.00520145	0.999952
280	20002	0.00105996	0.000102731	0.0969197	0.191054	642.563	0.000898702	0.000984879	0.0010549	0.00112829	0.00123047	1.00276
279	20002	0.00382081	0.000165253	0.0432508	0.113129	740.492	0.00354802	0.0037148	0.00381162	0.00393304	0.0041143	0.999995
278	20002	0.00685244	0.000220046	0.0321121	-0.191164	520.644	0.00646745	0.0067075	0.0068631	0.00700428	0.00719148	1.00008
277	20002	0.0280279	0.000362143	0.0129208	0.104229	759.53	0.0274224	0.027797	0.0280201	0.0282564	0.0286507	1.00148
276	20002	0.00094735	8.27553e-05	0.0873545	0.0269844	707.83	0.000813252	0.000892224	0.000949671	0.00100138	0.00107853	1.00045
275	20002	0.0335975	0.000426605	0.0126975	0.0226619	623.045	0.032902	0.0332979	0.0335959	0.0338968	0.0342939	1.00061
274	20002	0.0104902	0.000232024	0.0221181	0.0140914	660.93	0.0101141	0.0103351	0.0104937	0.010647	0.0108676	1.00132
273	20002	0.00151127	0.000120878	0.0799842	0.0302448	603.379	0.00131801	0.00142897	0.00150641	0.00159264	0.00171124	0.999952
272	20002	0.0185104	0.000293479	0.0158548	0.103938	600.099	0.0180372	0.018314	0.0184964	0.0187055	0.019012	1.00427
271	20002	0.0122108	0.000254612	0.0208514	0.0798757	568.111	0.0117924	0.0120295	0.0122035	0.0124095	0.0126128	1.00095
270	20002	0.000916208	7.43684e-05	0.0811697	-0.0180666	660.227	0.000795742	0.00086676	0.000917164	0.000966309	0.00103992	1.00519
269	20002	0.00442758	0.000189566	0.0428148	0.140386	413.212	0.00412108	0.00428922	0.00442348	0.00456151	0.0047564	1.00037
268	20002	0.016211	0.000282769	0.0174431	0.0784859	660.883	0.0157428	0.0160295	0.0162102	0.0163881	0.016691	1.00287
267	20002	0.137565	0.00103641	0.007534	0.00936115	570.577	0.135848	0.13685	0.13755	0.138284	0.139285	1.003
266	20002	0.0105406	0.00021799	0.020681	0.0991884	600.95	0.0102044	0.0103829	0.01053	0.0106894	0.010921	1.00173
265	9330	0.000917828	0.000115298	0.125621	0.346567	334.584	0.000737152	0.000838624	0.000912703	0.000992198	0.00111603	0.999896
264	20002	0.0397911	0.00047391	0.0119099	0.0526942	592.518	0.0390196	0.0394718	0.0397938	0.0401142	0.0405536	0.999964
263	20002	0.0608078	0.000585298	0.00962537	-0.095382	619.527	0.0598437	0.0604191	0.0608245	0.0612016	0.0617264	1.0066
262	20002	0.0551453	0.000568915	0.0103167	-0.191627	412.958	0.0541698	0.0547697	0.0551658	0.0555378	0.0560349	1.00247
261	20002	0.0239149	0.000328477	0.0137353	0.106018	692.148	0.0233794	0.0236858	0.023919	0.0241297	0.0244528	1.00045
260	20002	0.00106144	9.22666e-05	0.086926	0.0618047	633.694	0.000909919	0.000999931	0.00106232	0.00112216	0.0012144	0.999962
259	20002	0.00407904	0.000145881	0.0357636	0.00118514	617.612	0.00383366	0.00398222	0.0040787	0.0041776	0.00431868	1.00042
258	20002	0.00153995	0.000108186	0.0702531	-0.0300088	603.635	0.00135229	0.00146944	0.00153734	0.0016137	0.00171446	1.00047
257	20002	0.0248545	0.00036229	0.0145764	-0.0501834	669.344	0.024255	0.0246164	0.0248563	0.0251088	0.0254155	1.00027
256	20002	0.0228092	0.000345313	0.0151392	-0.030416	680.467	0.022221	0.0225838	0.0228065	0.0230566	0.0233604	1.00023
255	20002	0.00335601	0.000138416	0.0412443	-0.0651106	618.674	0.00313268	0.00326123	0.00335622	0.00345296	0.00358469	1.00111
254	20002	0.0354784	0.000633311	0.0178506	-0.0615692	279.6	0.03446	0.0350375	0.0354805	0.0359363	0.0364853	1.00041
253	20002	0.015793	0.000279806	0.0177171	-0.136616	601.471	0.0153092	0.015605	0.0157993	0.0159901	0.0162446	1.00466
252	20002	0.0208954	0.000336306	0.0160948	0.177306	642.636	0.0203531	0.0206645	0.0208863	0.0211205	0.0214475	1.00045
251	20002	0.000833618	8.66972e-05	0.104001	0.46285	447.695	0.000707239	0.000776642	0.000825774	0.000884637	0.000989356	1.00602
250	20002	0.00946442	0.000233216	0.0246413	0.164159	539.427	0.00908585	0.00930777	0.00945406	0.00962819	0.0098386	1.00028
249	20002	0.0211184	0.000330921	0.0156698	0.0834139	621.444	0.0205787	0.0208927	0.0211208	0.0213195	0.021704	1.00278
248	20002	0.00674595	0.000201874	0.0299252	0.0122602	621.4	0.00640632	0.00661343	0.00674878	0.00687828	0.00708621	1.00164
247	20002	0.00975132	0.000224821	0.0230555	-0.0198854	463.845	0.00938638	0.00959825	0.00974847	0.0099095	0.0101245	1.00409
246	20002	0.00675042	0.000175308	0.0259699	0.0631274	629.855	0.006468	0.00663328	0.00675118	0.00687021	0.0070294	0.999952
245	20002	0.0112745	0.000229298	0.0203376	0.223788	738.086	0.0109255	0.011115	0.0112616	0.0114238	0.0116736	1.00346
244	20002	0.0197375	0.000323352	0.0163826	0.00186004	610.437	0.0192108	0.0195116	0.0197373	0.0199602	0.0202825	1.00105
243	20002	0.0523361	0.000564238	0.0107811	0.0637648	641.563	0.0514511	0.0519552	0.0523246	0.052714	0.053282	1.00028
242	20002	0.0227093	0.000319882	0.014086	0.041327	669.279	0.0221863	0.0224965	0.0226971	0.0229212	0.0232543	0.999974
241	20002	0.0092153	0.000213606	0.0231795	0.0312739	663.373	0.0088773	0.00905824	0.00921593	0.00936026	0.00955844	1.00169
240	20002	0.00813303	0.000218299	0.0268411	0.021688	636.376	0.00777134	0.00797675	0.00813524	0.00827358	0.00849993	0.999951
239	20002	0.00699138	0.000218655	0.0312749	0.0182324	659.186	0.00662317	0.00684631	0.00698902	0.00713882	0.00736299	1.00187
238	20002	0.00494879	0.000156864	0.0316974	0.1327	608.408	0.00470679	0.0048352	0.00494226	0.00505541	0.00521258	1.0001
237	20002	0.0407809	0.000463778	0.0113724	0.0953823	657.26	0.0400389	0.0404566	0.0407629	0.0411037	0.0415537	0.999982
236	20002	0.0125318	0.000258718	0.0206449	-0.200614	607.576	0.0120945	0.0123644	0.0125426	0.0127031	0.0129387	1.0009
235	20002	0.0362468	0.000417904	0.0115294	0.0127528	694.102	0.0355811	0.0359624	0.0362391	0.0365291	0.0369337	1.00005
234	20002	0.00945897	0.000304664	0.032209	0.176309	665.842	0.00897385	0.00925097	0.00944988	0.00966692	0.00995787	1.00005
233	20002	0.0217782	0.000317958	0.0145998	-0.0538615	750.276	0.0212586	0.0215559	0.0217787	0.0219985	0.0223023	1.00349
232	20002	0.0163952	0.000285249	0.0173983	0.190522	679.886	0.0159605	0.0161992	0.0163733	0.0165799	0.0169074	1.00001
231	20002	0.00233343	0.000128055	0.0548785	0.166853	719.405	0.00213687	0.00225214	0.00232343	0.00241689	0.00255279	1.00174
230	20002	0.000926266	9.97096e-05	0.107647	-0.0207694	636.647	0.000758299	0.000858264	0.000929493	0.000997654	0.00108629	1.00002
229	20002	0.00155488	0.000138813	0.0892755	0.273338	551.477	0.001335	0.00146073	0.00154565	0.00164039	0.0017983	1.00008
228	20002	0.00848204	0.000210372	0.024802	0.147457	683.614	0.00814835	0.00833297	0.00847559	0.00861571	0.00883384	1.00117
227	20002	0.00100996	0.000111582	0.110482	0.0770493	478.663	0.00083103	0.000931259	0.00100867	0.0010859	0.00119277	1.00469
226	20002	0.037154	0.000462505	0.0124483	-0.149741	464.235	0.0363853	0.0368654	0.0371591	0.0374523	0.0379223	1.00554
225	20002	0.0394396	0.000486313	0.0123306	0.408313	311.265	0.0386726	0.0391294	0.0394477	0.0397304	0.0401906	1.00208
224	20002	0.0268216	0.000412874	0.0153934	0.136822	640.761	0.026171	0.0265289	0.026812	0.0270923	0.0275497	1.0029
223	20002	0.022347	0.000347066	0.0155308	0.0339259	657.947	0.0217905	0.0221062	0.0223598	0.0225716	0.0229229	1.01472
222	20002	0.0351703	0.000676703	0.0192407	-0.0240095	317.829	0.0340247	0.0347315	0.0351878	0.0356143	0.0362659	1.0048
221	20002	0.0288258	0.000412216	0.0143002	-0.126222	551.294	0.0281208	0.0285745	0.0288274	0.0291033	0.0294976	1.00142
220	20002	0.00166138	0.000106463	0.0640811	0.252351	560.963	0.00149571	0.00158981	0.00165701	0.00173019	0.00184412	0.999986
219	20002	0.00102709	0.000141367	0.137639	0.24497	668.596	0.000806316	0.000922034	0.00102194	0.00112005	0.00125945	1.00036
218	20002	0.0490106	0.000557617	0.0113775	0.106079	543.902	0.0481218	0.0486241	0.0489933	0.0493934	0.0499329	0.999974
217	20002	0.00378433	0.000165986	0.0438615	0.0247743	622.262	0.00352581	0.00367538	0.00378155	0.00389379	0.00406171	1.00091
216	20002	0.0265759	0.000413307	0.015552	0.0111988	666.741	0.0259009	0.0262922	0.0265781	0.0268632	0.0272445	0.999979
215	20002	0.00837816	0.000276145	0.0329601	0.168809	629.412	0.00792355	0.00818172	0.00836821	0.00856472	0.00884866	1.00163
214	20002	0.0290773	0.000585129	0.0201232	0.149915	609.494	0.0281424	0.0286724	0.0290647	0.0294744	0.0300652	1.00015
213	20002	0.044633	0.000535318	0.0119938	0.0308158	534.598	0.043784	0.0442541	0.04464	0.0449988	0.0454912	1.00094
212	20002	0.0361165	0.000462927	0.0128176	-0.107702	598.033	0.0353607	0.0357932	0.0361322	0.0364366	0.0368636	1.00131
211	20002	0.00857449	0.00021519	0.0250966	0.137989	693.899	0.00822978	0.00842859	0.00857038	0.00871549	0.00893061	1.00088
210	20002	0.00186652	0.000148387	0.0794991	0.143114	579.799	0.0016344	0.00176363	0.00186294	0.00196148	0.00211793	1.00002
209	20002	0.0207576	0.000314677	0.0151596	-0.0163279	674.979	0.0202596	0.0205553	0.0207543	0.0209568	0.0212875	1.00613
208	20002	0.00732812	0.000208159	0.0284054	0.0545837	600.324	0.00698163	0.00719162	0.00732285	0.00746216	0.00768414	1.00011
207	20002	0.0301543	0.000434035	0.0143938	0.228329	522.58	0.0294781	0.0298588	0.0301322	0.0304374	0.0309276	1.02082
206	20002	0.0269072	0.00039391	0.0146396	-0.0116984	450.263	0.0262943	0.0266457	0.0269069	0.0271678	0.0275289	1.00106
205	20002	0.000954561	7.74537e-05	0.0811406	0.0511409	788.94	0.00082919	0.000901059	0.000954902	0.00100482	0.00107907	1.0035
204	20002	0.0249553	0.000554076	0.0222027	0.0226062	547.036	0.0240614	0.0245778	0.0249501	0.0253514	0.025839	1.00014
203	20002	0.0713069	0.000691756	0.00970111	0.00730801	592.388	0.0701479	0.0708699	0.0713094	0.0717488	0.0724811	1.00083
202	20002	0.009206	0.000306051	0.0332447	0.0309414	574.493	0.00869818	0.00900667	0.00919728	0.00941737	0.00971906	1.0002
201	20002	0.0316735	0.000415177	0.013108	0.058601	658.969	0.0309898	0.031399	0.0316557	0.0319761	0.0323453	1.00041
200	20002	0.0226526	0.00035921	0.0158574	-0.0136181	509.266	0.0220739	0.0224047	0.0226567	0.0228892	0.0232678	1.00079
199	20002	0.000984669	9.59747e-05	0.097469	0.0307791	563.364	0.000828427	0.000915966	0.000982213	0.00105262	0.00114432	1.00135
92	20002	0.00326654	0.000150661	0.0461225	0.157171	683.196	0.0030326	0.00315581	0.00326283	0.00336907	0.00352579	1.00008
89	20002	0.071769	0.000681099	0.00949016	0.112404	631.201	0.0706535	0.0712923	0.0717802	0.072213	0.0728913	1.00591
90	20002	0.00698057	0.000217695	0.0311858	0.0338148	570.14	0.00661704	0.00683233	0.00697447	0.00712859	0.00734185	1.00252
84	20002	0.0248123	0.000382837	0.0154293	0.0240745	727.242	0.0241787	0.0245518	0.024805	0.0250849	0.0254244	1.00057
86	20002	0.0182727	0.000296135	0.0162064	0.15202	791.865	0.0177995	0.0180668	0.018263	0.0184721	0.0187626	1.00049
85	20002	0.0115057	0.000306895	0.0266734	0.0757151	602.674	0.0110068	0.0112925	0.0115017	0.0117053	0.0120086	1.00028
83	20002	0.0444486	0.000498048	0.011205	0.0225406	628.52	0.043639	0.0441177	0.0444381	0.0447801	0.0452892	1.00209
82	20002	0.00459169	0.000174447	0.037992	0.242321	660.101	0.00431406	0.00446737	0.00458917	0.00470525	0.00488075	1.00095
81	20002	0.00412348	0.000140066	0.0339678	0.0479523	717.67	0.0038884	0.00402618	0.00412283	0.00421941	0.00435712	1.00085
69	20002	0.00192005	0.000141881	0.0738945	-0.0323905	709.856	0.00169386	0.00181924	0.00192097	0.0020191	0.00214677	0.999987
61	20002	0.000968396	8.76659e-05	0.0905269	0.247745	726.458	0.000830269	0.000909716	0.000963593	0.00102271	0.00111972	1.00108
62	20002	0.0180714	0.000312412	0.0172876	-0.0236416	704.833	0.0175677	0.0178494	0.0180725	0.0182784	0.0185982	0.999981
63	20002	0.00777672	0.000212859	0.0273713	0.0383607	568.921	0.00742102	0.00763282	0.00777475	0.00791532	0.00813216	1.00307
54	20002	0.0209791	0.000330261	0.0157424	-0.055968	615.129	0.020425	0.0207533	0.0209805	0.0212055	0.0215314	1.00028
55	20002	0.0190221	0.000321552	0.0169042	-0.074941	648.855	0.0184711	0.0188133	0.0190388	0.0192326	0.0195394	1.00057
53	20002	0.0650772	0.0006831	0.0104968	0.0591904	595.824	0.0639829	0.0645964	0.0650755	0.0655332	0.0662204	1.00015
52	20002	0.0111927	0.000248067	0.0221632	-0.106785	612.456	0.0107746	0.0110208	0.0112	0.0113681	0.011585	0.99995
109	20002	0.0220867	0.000343961	0.0155732	-0.187703	519.141	0.0214851	0.0218659	0.0221026	0.0223322	0.0226252	0.999954
67	20002	0.0400203	0.00045688	0.0114162	-0.00332636	630.226	0.039246	0.0397078	0.0400239	0.0403411	0.0407684	0.999968
68	20002	0.00753614	0.000190992	0.0253435	0.177203	737.008	0.00723325	0.00740195	0.00752668	0.00767354	0.0078512	1.00065
134	20002	0.0663507	0.000710217	0.010704	0.0115057	550.091	0.065178	0.0658744	0.066343	0.0668313	0.0675197	1.00262
51	20002	0.0024812	0.000118974	0.04795	0.0830329	773.924	0.00228416	0.00239982	0.00247991	0.00256092	0.00268038	1.00074
50	20002	0.0105065	0.000257875	0.0245444	0.0242461	670.055	0.0100864	0.0103236	0.0105055	0.0106909	0.0109262	1.0003
87	20002	0.00534523	0.000196961	0.0368481	0.032056	583.734	0.00502356	0.00521122	0.00533723	0.00548494	0.0056698	1.00123
88	20002	0.00165712	0.000130247	0.0785984	0.162092	677.635	0.00145091	0.0015651	0.0016538	0.0017446	0.00187968	1.00117
16	20002	0.0303003	0.000404445	0.0133479	0.0946397	493.966	0.0296382	0.0300325	0.0302912	0.0305601	0.0309751	1.00019
17	20002	0.0384279	0.000517831	0.0134754	0.224401	663.283	0.0375931	0.0380608	0.0384216	0.0387589	0.0392986	1.0004
18	20002	0.0664607	0.000777915	0.0117049	0.0795437	535.011	0.0651811	0.0659297	0.0664552	0.0669979	0.0677616	0.999951
140	20002	0.00312141	0.000129705	0.0415534	0.0687587	831.634	0.0029115	0.00303303	0.00311901	0.00321008	0.00333674	0.999974
64	20002	0.031443	0.000413243	0.0131426	-0.00740913	609.456	0.030745	0.0311632	0.0314497	0.0317334	0.0321147	1.00003
65	20002	0.0383719	0.000448249	0.0116817	0.163755	687.666	0.0376505	0.038064	0.0383493	0.0386882	0.0391263	1.00105
66	20002	0.00964848	0.000241393	0.0250188	-0.0534697	479.002	0.00923388	0.0094924	0.00965343	0.00980819	0.0100312	1.00206
41	20002	0.0290788	0.000381036	0.0131036	0.0257392	733.832	0.0284395	0.0288154	0.0290787	0.0293354	0.0297165	1.00191
15	20002	0.00082566	8.54597e-05	0.103505	-0.0583308	413.588	0.000677905	0.000768741	0.000826059	0.000882053	0.000962081	1.00001
14	20002	0.0030089	0.000169815	0.0564374	-0.00459858	680.741	0.00273696	0.00289374	0.00300596	0.00312624	0.00329423	0.999952
13	20002	0.0262833	0.000394497	0.0150094	-0.00967356	634.19	0.0256462	0.0259985	0.0262883	0.0265625	0.0269175	1.00802
77	20002	0.0111672	0.000247577	0.02217	-0.0635228	670.425	0.0107733	0.0109894	0.0111626	0.0113472	0.011577	1.00042
191	20002	0.00853843	0.00024479	0.0286692	0.104342	675.254	0.00814159	0.00836954	0.00853763	0.00869909	0.00895199	1.00202
48	20002	0.00243031	0.000112928	0.0464666	0.0744306	633.72	0.00224353	0.00235417	0.00243135	0.00250179	0.00262208	0.999994
49	20002	0.023754	0.00036167	0.0152257	0.0647529	668.921	0.0231835	0.0234939	0.0237557	0.0239953	0.0243912	1.00002
47	20002	0.00698864	0.000228551	0.0327032	-0.0583826	560.773	0.00660179	0.00683748	0.00699269	0.00714342	0.00736376	0.99995
1	20002	0.00919371	0.000244734	0.0266198	-0.0857918	656.919	0.00878206	0.00903285	0.0091989	0.00936302	0.0095828	1.00017
2	20002	0.0256216	0.000359073	0.0140145	0.123516	610.628	0.025072	0.0253764	0.0256196	0.0258455	0.0262343	1.00005
0	20002	0.0200931	0.000322273	0.0160389	-0.0781137	670.331	0.019545	0.0198664	0.0201032	0.0203197	0.0206009	0.99995
3	20002	0.00610099	0.000187395	0.0307155	0.0557217	772.483	0.00578372	0.00597105	0.00610498	0.00622077	0.00641988	1.00011
91	20002	0.00390691	0.000174372	0.0446317	0.0742817	726.97	0.00362249	0.0037871	0.00390907	0.00402014	0.004202	0.999963
71	20002	0.0657303	0.000647205	0.00984638	-0.00458275	624.268	0.0646854	0.0652597	0.0657388	0.0661979	0.066752	1.0002
70	20002	0.00766934	0.000261324	0.0340738	-0.0117588	727.893	0.00725311	0.00749302	0.00766856	0.00785297	0.00808964	1.00223
73	20002	0.0188023	0.000395785	0.0210499	-0.0159271	667.71	0.0181059	0.0185406	0.0188064	0.0190681	0.0194351	1.0001
72	20002	0.0417341	0.000456952	0.0109491	0.0970369	622.87	0.040965	0.0414195	0.0417375	0.0420538	0.042471	1.00049
4	20002	0.0177427	0.000300941	0.0169614	0.0952583	648.694	0.0172586	0.0175419	0.0177335	0.0179338	0.018262	0.999966
5	20002	0.0108419	0.000246528	0.0227386	0.0688045	493.871	0.0104413	0.0106748	0.0108382	0.0110025	0.0112465	1.00014
74	20002	0.0469249	0.000494728	0.010543	0.000824667	699.453	0.04611	0.0465917	0.0469355	0.0472577	0.04774	1.00015
11	20002	0.00880884	0.000240241	0.0272727	-0.00886622	503.76	0.00841336	0.00865071	0.0088069	0.00896982	0.00919642	1.00023
10	20002	0.0233344	0.000349964	0.0149978	-0.0728694	595.425	0.0227518	0.0231141	0.0233334	0.0235665	0.023915	1.00013
9	20002	0.0185222	0.000339678	0.018339	0.178149	547.511	0.0179918	0.018284	0.0185217	0.0187292	0.0191154	1.00016
7	20002	0.0156705	0.000279441	0.0178323	-0.126476	546.768	0.0151919	0.0154988	0.0156672	0.0158678	0.0161057	1.00605
8	20002	0.0217532	0.000347053	0.0159541	0.0264764	692.741	0.0211571	0.0215229	0.0217498	0.0219868	0.0223072	1.00013
24	20002	0.0139845	0.000333865	0.023874	0.111033	683.733	0.0134627	0.0137614	0.0139801	0.0141962	0.0145559	0.999958
93	20002	0.0146089	0.000287037	0.0196481	-0.0354397	502.916	0.0141444	0.0144162	0.0146113	0.0148054	0.0150954	1.00416
95	20002	0.0161816	0.000302749	0.0187095	0.00426859	472.36	0.0156837	0.0159731	0.0161817	0.0163943	0.0166792	1.00162
94	20002	0.0237925	0.000352136	0.0148003	0.0614494	655.785	0.0232408	0.0235583	0.0237861	0.0240173	0.0243864	1.00548
158	20002	0.0569943	0.000587249	0.0103037	0.0735587	722.261	0.0560287	0.0565955	0.0569806	0.0573875	0.0579666	1.00192
159	20002	0.0308229	0.000379291	0.0123055	-0.010301	714.721	0.0301932	0.0305891	0.0308252	0.0310658	0.0314536	1.00083
6	20002	0.0570613	0.000580409	0.0101717	0.192728	510.096	0.0561445	0.0566756	0.0570226	0.057433	0.058076	1.00007
25	20002	0.0341385	0.00046783	0.0137039	-0.012845	604.245	0.0333766	0.0338209	0.0341445	0.0344532	0.0348989	1.00041
28	20002	0.018048	0.000328038	0.0181759	0.24384	645.712	0.0175308	0.0178252	0.0180405	0.018257	0.018613	1.00057
29	20002	0.00764051	0.000206227	0.0269912	0.0786539	820.208	0.007293	0.00750506	0.00764313	0.00777187	0.00798652	1.00425
27	20002	0.0518835	0.000547556	0.0105536	0.0202761	559.591	0.0509682	0.0514927	0.0518731	0.0522786	0.0527947	1.00004
31	20002	0.0195714	0.000319986	0.0163497	-0.0352782	781.137	0.0190415	0.0193571	0.019573	0.0197886	0.020092	1.00002
30	20002	0.0207229	0.00034176	0.0164919	-0.165444	658.07	0.020123	0.0204989	0.0207362	0.0209566	0.0212788	1.00217
32	20002	0.0270072	0.000395517	0.0146448	0.0999633	517.37	0.0263562	0.0267231	0.0270007	0.0272867	0.0276479	1.00265
56	20002	0.00104463	9.27804e-05	0.0888164	0.0990362	713.057	0.000894036	0.000980233	0.00104496	0.00110588	0.00119941	1.00009
57	20002	0.00185056	0.000138396	0.0747864	0.143533	629.795	0.00162528	0.00175675	0.00184589	0.00194078	0.00208254	1.00003
35	20002	0.032573	0.000424155	0.0130217	0.00241127	519.57	0.031881	0.0322956	0.0325598	0.0328642	0.0332787	1.00121
34	20002	0.00987292	0.000246406	0.0249578	0.0840023	657.527	0.00946968	0.00971726	0.00987131	0.0100292	0.0103069	1.00326
33	20002	0.0122994	0.000268411	0.0218231	0.113977	561.095	0.0118598	0.0121169	0.012297	0.0124832	0.0127377	1.00017
75	20002	0.0187308	0.000317703	0.0169615	0.139721	589.077	0.0182229	0.0185039	0.0187318	0.0189464	0.0192591	1.00061
59	20002	0.0162992	0.000286444	0.0175741	-0.0631263	622.861	0.0158148	0.0161102	0.0163024	0.0164995	0.0167766	1.00184
60	20002	0.00115073	8.61283e-05	0.0748469	0.0810539	730.889	0.00100658	0.00109186	0.00114985	0.00120588	0.00129503	1.0003
58	20002	0.0351115	0.00042996	0.0122456	0.0140624	681.319	0.0344202	0.0348103	0.0351127	0.035392	0.0358416	1.0015
38	20002	0.0187243	0.000344894	0.0184196	-0.0451291	691.022	0.0181501	0.0184953	0.0187227	0.0189467	0.0192862	1.00232
37	20002	0.000979075	8.69955e-05	0.0888547	0.0751896	549.402	0.000838278	0.000916355	0.000976824	0.00103844	0.00112656	1.00243
36	20002	0.0061705	0.000174806	0.0283294	-0.0620076	726.596	0.00586868	0.00605173	0.00617623	0.00629018	0.00644767	1.00123
79	20002	0.0178178	0.000376243	0.0211161	0.00512307	501.079	0.0172021	0.0175591	0.0178092	0.0180826	0.0184463	1.00721
78	20002	0.0148792	0.000274992	0.0184816	-0.00579985	712.46	0.014424	0.0146938	0.0148701	0.0150729	0.0153294	1.00398
80	20002	0.0575631	0.000612166	0.0106347	0.11156	640.112	0.0565674	0.0571581	0.0575461	0.057958	0.0586133	1.00662
26	20002	0.0765151	0.000671237	0.0087726	0.115061	684.654	0.0754097	0.0760778	0.0765042	0.0769396	0.0776811	1
20	20002	0.00517209	0.000194839	0.0376712	0.0983367	621.991	0.00484818	0.00504431	0.00516952	0.00529852	0.00550879	1.00044
21	20002	0.356644	0.00242263	0.00679284	-0.0704262	457.549	0.352587	0.355061	0.35668	0.358272	0.360559	1.00509
23	20002	0.000798782	7.3616e-05	0.0921604	0.0467579	700.185	0.000673832	0.000749599	0.000797145	0.000845278	0.000919813	1.0007
22	20002	0.00656842	0.000271496	0.0413335	0.0418701	653.248	0.00612735	0.00637849	0.00657836	0.00675499	0.00701874	1.00058
19	20002	0.030208	0.000449012	0.014864	-0.0322328	457.703	0.0294581	0.0299026	0.0302103	0.0305216	0.0309372	1.00001
12	20002	0.0216903	0.000343895	0.0158548	0.072804	663.342	0.0211404	0.021459	0.0216805	0.0219116	0.0222749	1.00002
39	20002	0.00642651	0.000173821	0.0270475	0.0299935	651.308	0.00614541	0.00630419	0.00642557	0.0065424	0.00672351	1.00394
40	20002	0.00156753	0.00013249	0.0845216	-0.0053884	522.846	0.00134959	0.00148845	0.00156598	0.00165399	0.00178355	1.00027
76	20002	0.0296513	0.000386924	0.0130491	0.113483	692.244	0.0290372	0.0293839	0.0296462	0.0299074	0.0303006	1.00112
43	20002	0.0150897	0.000284929	0.0188823	-0.0427909	563.658	0.0146377	0.0148955	0.0151009	0.0152768	0.0155484	1.00001
44	20002	0.0106239	0.000234937	0.022114	-0.0314019	657.166	0.0102476	0.0104569	0.0106282	0.0107946	0.0109979	1.00007
42	20002	0.0349831	0.000467734	0.0133703	-0.183354	624.064	0.03419	0.0346682	0.0350039	0.0353076	0.0357374	1.00022
46	20002	0.0254858	0.00037842	0.0148483	0.0809756	618.504	0.0248671	0.0252366	0.025481	0.0257391	0.0261132	1.00243
45	20002	0.00795258	0.000270677	0.0340364	-0.0500481	578.818	0.00750929	0.00776975	0.00796368	0.00813699	0.00838842	1.00121
181	20002	0.0380424	0.000471598	0.0123967	0.0275378	657.935	0.0372848	0.0377203	0.0380408	0.0383519	0.0388624	1.00404
182	20002	0.0247627	0.000383131	0.0154721	-0.0919879	609.174	0.0241159	0.0245021	0.0247701	0.0250281	0.02537	1.00051
96	20002	0.0210556	0.000336087	0.0159619	0.102104	740.606	0.0205132	0.0208212	0.0210565	0.0212798	0.0216228	1.00003
97	20002	0.0537204	0.000543282	0.0101131	-0.00834665	653.827	0.0527722	0.0533677	0.0537277	0.054083	0.0545719	1.00017
98	20002	0.0214102	0.0003243	0.015147	0.105651	697.404	0.0209072	0.0211931	0.0214024	0.0216083	0.0219671	1.00014
99	20002	0.0111509	0.000237594	0.0213071	0.0557908	699.335	0.0107557	0.0109855	0.0111544	0.0113067	0.0115452	1.00116
100	20002	0.0433521	0.000465916	0.0107473	-0.0914952	514.437	0.0425693	0.0430483	0.0433556	0.0436742	0.0440973	1.00218
101	20002	0.0191771	0.000326186	0.0170092	0.204389	712.729	0.0186632	0.0189574	0.0191676	0.0193878	0.0197391	1.0012
102	20002	0.0188856	0.000318392	0.016859	0.195433	621.764	0.0183713	0.0186716	0.0188756	0.0190803	0.0194523	1.00011
103	20002	0.00126372	9.55281e-05	0.0755926	0.189547	713.199	0.00111223	0.00119733	0.00125642	0.00132673	0.00142683	1.00073
104	20002	0.00124501	9.47399e-05	0.0760959	-0.051248	600.28	0.00109261	0.00118166	0.00124329	0.00131101	0.00140268	1.00033
106	20002	0.0191406	0.000298176	0.0155782	0.16041	666.625	0.0186835	0.0189145	0.0191289	0.01935	0.0196576	1.00025
105	20002	0.0197474	0.000305589	0.0154749	0.199868	699.734	0.0192682	0.0195364	0.0197371	0.0199509	0.0202532	1
107	20002	0.0259011	0.000359482	0.013879	-0.0536559	640.367	0.0253163	0.0256441	0.0259067	0.0261572	0.0264621	1.00148
108	20002	0.0214486	0.000327266	0.0152582	0.14968	671.867	0.0209004	0.0212379	0.0214432	0.0216528	0.0220085	1.0004
110	20002	0.0207525	0.000325389	0.0156795	0.100911	675.503	0.0202356	0.0205299	0.0207503	0.0209662	0.0213026	1.00013
111	20002	0.00174318	0.000123529	0.0708638	0.117761	539.005	0.00154522	0.00165422	0.0017399	0.00182878	0.00195076	1.00109
112	20002	0.00208293	0.000126756	0.0608546	0.277045	605.007	0.00189196	0.00199494	0.00208026	0.0021661	0.0023003	1.00013
113	20002	0.00773166	0.000202862	0.0262379	0.249363	589.193	0.0074319	0.0075912	0.00772015	0.00786707	0.00807049	1.00118
114	20002	0.000566326	6.75957e-05	0.119358	0.265159	628.058	0.000463355	0.000517903	0.000562156	0.000611509	0.000682339	1.00109
115	20002	0.0156104	0.000273131	0.0174967	0.0825079	702.8	0.0151762	0.0154179	0.0156021	0.0157984	0.016084	1.00053
116	20002	0.0523521	0.000566974	0.01083	0.00504576	623.776	0.05142	0.0519799	0.0523503	0.0527268	0.0533259	1.00056
117	20002	0.00135939	9.4139e-05	0.0692509	0.117245	546.09	0.00120226	0.00129499	0.00136002	0.00141774	0.00151873	1.00071
118	20002	0.0122189	0.000240181	0.0196564	-0.0367963	629.846	0.0118199	0.0120552	0.0122223	0.0123933	0.0125926	1.00032
119	20002	0.000956907	0.000112356	0.117416	0.132346	476.398	0.000780415	0.000880515	0.000954551	0.00103569	0.0011382	1.00134
120	20002	0.0410959	0.000468775	0.0114069	0.168037	607.906	0.0403412	0.0407637	0.0410794	0.0414157	0.0418572	0.99995
121	20002	0.0170413	0.000359702	0.0211076	-0.0115315	587.957	0.0164509	0.0167987	0.0170342	0.0172886	0.0176319	1.00275
122	20002	0.0189593	0.000310709	0.0163882	0.078157	601.938	0.0184636	0.0187376	0.0189503	0.0191773	0.0194679	1.00169
123	20002	0.0326071	0.000479944	0.014719	0.0250828	361.753	0.031867	0.0322617	0.0326034	0.0329323	0.0333957	1.00024
124	20002	0.00746571	0.000196447	0.0263133	0.208814	556.054	0.00715534	0.00733417	0.00745607	0.00758667	0.00781011	1.00007
125	20002	0.0556624	0.000525369	0.00943848	0.0114811	593.122	0.0547917	0.0553036	0.0556616	0.0560269	0.0565205	1.00045
128	20002	0.0106148	0.000232912	0.0219422	-0.00109605	610.688	0.0102296	0.0104566	0.0106189	0.0107705	0.0110217	1.00173
126	20002	0.015753	0.000322891	0.0204971	0.112779	550.222	0.0152522	0.0155176	0.0157447	0.0159733	0.0162981	0.999973
127	20002	0.0204823	0.000327676	0.015998	0.0266361	451.347	0.0199559	0.0202673	0.0204702	0.0206967	0.0210249	0.999964
129	20002	0.00254567	0.000156302	0.0613992	0.0497972	707.965	0.00228621	0.00244656	0.00254191	0.00264677	0.00281896	1.00019
130	20002	0.00445576	0.000159554	0.0358084	0.0331449	756.697	0.00420343	0.00434913	0.00444892	0.00456563	0.00472698	1.00077
131	20002	0.00118806	0.000112699	0.09486	0.21027	649.312	0.00100976	0.00111486	0.00118287	0.00125786	0.00138099	1.00116
132	20002	0.00181425	0.000168202	0.0927113	0.193944	500.98	0.00153241	0.00170255	0.00180762	0.00192882	0.00208387	1.00055
133	20002	0.00232658	0.000171673	0.0737876	0.111689	609.513	0.00204795	0.00219695	0.00233637	0.00243723	0.00262507	1.00033
135	20002	0.0436337	0.000555734	0.0127363	0.0334763	556.056	0.0427156	0.0432664	0.0436381	0.0439863	0.0445672	1.00397
137	20002	0.00417498	0.000184334	0.0441521	0.0674347	457.5	0.00388164	0.00404841	0.00417403	0.0043013	0.00446857	0.999981
136	20002	0.0611252	0.000657677	0.0107595	0.264801	392.629	0.0600891	0.0606736	0.0611141	0.0615457	0.062204	1.00078
138	20002	0.0473061	0.000523392	0.011064	-0.163111	575.476	0.0463813	0.0469686	0.0473237	0.0476719	0.0481285	0.99995
139	20002	0.0594091	0.000642849	0.0108207	-0.0542771	518.66	0.0583336	0.0589716	0.0594172	0.0598446	0.0604598	1.00029
141	20002	0.0212468	0.000402485	0.0189434	-0.202484	462.687	0.020554	0.0209846	0.0212668	0.0215207	0.0218951	1.00118
142	20002	0.00403494	0.00020803	0.0515573	0.176727	740.136	0.00371156	0.00389276	0.00401666	0.00418357	0.00439635	1.00058
146	20002	0.0235542	0.000372647	0.0158208	-0.071653	680.418	0.0229414	0.0233083	0.023568	0.02379	0.0241683	1.00008
143	20002	0.0288989	0.000392777	0.0135914	0.0416809	648.096	0.028273	0.0286375	0.0288924	0.0291466	0.0295531	0.999968
144	20002	0.0228784	0.00032646	0.0142693	0.073413	659.604	0.0223405	0.0226588	0.022886	0.0230893	0.0234241	1.0101
145	20002	0.0101782	0.000248535	0.0244183	0.0869726	720.309	0.00976945	0.0100101	0.0101771	0.0103488	0.010581	1.0001
147	20002	0.0193953	0.00035221	0.0181595	-0.019939	732.021	0.0188149	0.019163	0.0193915	0.019633	0.0199763	0.999973
148	20002	0.0140789	0.000283108	0.0201086	0.111282	719.72	0.0136198	0.0138787	0.0140708	0.0142761	0.0145591	1.00997
149	20002	0.0098136	0.000284814	0.0290224	0.0348672	453.325	0.00937067	0.00961452	0.0098234	0.0100095	0.0102626	1.00017
150	20002	0.0286204	0.000428473	0.0149709	-0.23615	672.332	0.0279209	0.0283451	0.0286347	0.0289043	0.0293092	1.00067
151	20002	0.00110887	9.48827e-05	0.0855668	-0.0397144	588.952	0.000950571	0.00104286	0.0011095	0.00117483	0.00127013	0.999989
153	20002	0.0131736	0.000242692	0.0184226	0.0745571	534.9	0.0127905	0.0130055	0.013159	0.0133363	0.0135934	1.00254
152	20002	0.0213068	0.000320139	0.0150252	0.151649	657.65	0.020796	0.0210816	0.0213048	0.0215086	0.0218418	1.00506
154	20002	0.0190301	0.000304896	0.0160218	0.104309	614.568	0.018542	0.0188214	0.0190176	0.019234	0.0195546	1.00613
155	20002	0.0318561	0.000498843	0.0156593	0.0719193	525.31	0.0310301	0.0315275	0.0318555	0.0321836	0.0326913	1.00501
156	20002	0.00434261	0.000141468	0.0325767	0.113214	775.62	0.00411133	0.00424371	0.00434432	0.00443427	0.00458298	1.00096
157	20002	0.0877519	0.00076146	0.00867742	0.162334	594.228	0.0865341	0.0872145	0.0877148	0.0882865	0.089035	1.00007
161	20002	0.00410028	0.000152292	0.0371418	-0.0244235	581.988	0.00385258	0.00400203	0.00410698	0.00419223	0.00434325	1.00367
160	20002	0.00674471	0.000221029	0.0327707	-0.0992426	529.23	0.00638705	0.00660381	0.00674094	0.00690125	0.00709485	1.00177
165	20002	0.0413005	0.000466713	0.0113004	-0.0608623	654.06	0.0405355	0.0409757	0.041313	0.0416299	0.042044	1.00025
162	20002	0.0129588	0.00024008	0.0185263	0.108905	603.426	0.0125748	0.0127982	0.0129499	0.0131208	0.0133705	0.99995
163	20002	0.00240804	0.000124927	0.0518792	0.200188	654.922	0.0022058	0.00232199	0.00240477	0.00249093	0.00262077	0.999968
164	20002	0.00284507	0.000150041	0.0527372	-0.038964	667.552	0.002608	0.00274065	0.0028416	0.00295048	0.00308658	1.00127
167	20002	0.0243027	0.00038606	0.0158855	0.125994	569.255	0.0236886	0.024023	0.0243027	0.0245595	0.024928	1.00025
166	20002	0.0168615	0.000295942	0.0175514	-0.0617508	595.649	0.0163668	0.0166586	0.0168693	0.0170528	0.017346	1.00137
168	20002	0.0138347	0.000274651	0.0198523	0.1177	654.841	0.0134095	0.0136342	0.0138245	0.0140217	0.0142972	0.999982
170	20002	0.00747207	0.000223485	0.0299094	0.0535586	593.102	0.00710577	0.00732351	0.00746645	0.00761942	0.0078512	1.00232
169	20002	0.00899508	0.000206498	0.0229567	0.00446172	681.038	0.00866095	0.00885576	0.00899458	0.00913767	0.00934859	1.00572
171	20002	0.0328864	0.000418544	0.012727	-0.00887114	674.563	0.0322011	0.0326035	0.0328804	0.0331818	0.0335327	0.999954
173	20002	0.000587995	7.23649e-05	0.123071	0.252395	646.693	0.000475775	0.00053921	0.000583692	0.000634088	0.000712179	1.0036
172	20002	0.0388574	0.000500406	0.012878	-0.0552679	721.532	0.0380457	0.0385115	0.0388646	0.0391994	0.0396765	1.00031
184	20002	0.0408194	0.000467356	0.0114494	-0.0102366	702.132	0.0400152	0.0405223	0.0408167	0.0411244	0.0415593	1.00012
174	20002	0.0182218	0.000301038	0.0165207	0.0287339	550.578	0.0177401	0.0180044	0.0182334	0.0184259	0.0187304	1.00278
177	20002	0.0172625	0.000297563	0.0172376	-0.0167336	666.657	0.0167649	0.0170622	0.0172672	0.0174597	0.0177376	1.00276
175	20002	0.0279906	0.000377995	0.0135043	0.048699	490.506	0.0273651	0.0277302	0.027997	0.0282475	0.0286042	1.00244
176	20002	0.0249167	0.000369469	0.0148282	-0.0198982	706.388	0.024294	0.0246576	0.0249285	0.02517	0.0255097	1.00055
178	20002	0.0126621	0.000268132	0.021176	-0.0510365	695.956	0.0122028	0.0124891	0.0126648	0.0128423	0.0130978	1.00555
179	20002	0.0304793	0.00039817	0.0130636	-0.0473326	669.605	0.0298046	0.0302345	0.0304778	0.0307465	0.0311246	1.00223
180	20002	0.000947587	8.29695e-05	0.0875587	0.064548	568.416	0.000811104	0.000886702	0.000947815	0.00100668	0.00108005	1.00355
183	20002	0.0506765	0.000514257	0.0101478	-0.0524906	555.214	0.0498259	0.0503408	0.0506818	0.0510204	0.0515127	1.0087
185	20002	0.0201224	0.00036002	0.0178915	0.0184388	631.289	0.0195277	0.0198864	0.0201232	0.0203485	0.0207216	0.999955
187	20002	0.0167709	0.000277237	0.0165308	0.0250798	685.459	0.0163245	0.0165749	0.0167669	0.0169617	0.0172358	1.0074
186	20002	0.0344953	0.000447704	0.0129787	0.0828615	560.761	0.033755	0.034197	0.0344933	0.0347755	0.0352778	1.00065
190	20002	0.00160806	9.84766e-05	0.0612393	0.0897889	641.142	0.00145061	0.00154012	0.00160726	0.00167575	0.00177445	1.00004
188	20002	0.0289009	0.000391286	0.0135389	0.261723	578.314	0.0282917	0.028634	0.0288787	0.0291573	0.0295855	1.00263
189	20002	0.000934267	9.81093e-05	0.105012	0.189091	559.189	0.000778936	0.000867821	0.000929052	0.000998491	0.00110961	1.00028
194	20002	0.000624673	6.70248e-05	0.107296	0.195038	729.566	0.00052059	0.000575358	0.000622299	0.000671628	0.000738245	1.00402
193	20002	0.0247626	0.000401847	0.016228	0.0696702	579.109	0.0241161	0.0245124	0.0247535	0.0250102	0.0254633	1.0008
192	20002	0.0279599	0.00040355	0.0144332	0.0897474	511.755	0.0273207	0.0276922	0.0279514	0.0282184	0.028649	1.0039
195	20002	0.0594194	0.000618756	0.0104134	0.0746458	618.184	0.0584437	0.0589932	0.0594195	0.0598255	0.0604483	1.00355
196	20002	0.00258035	0.000189269	0.0733501	0.154578	541.792	0.00226968	0.00244787	0.00257691	0.00270543	0.00288745	1.00307
198	20002	0.0783193	0.000705979	0.00901412	-0.0306981	581.78	0.0771867	0.0778429	0.0783064	0.0788011	0.0794802	1.00081
197	20002	0.0307947	0.000434991	0.0141255	0.0477542	464.802	0.0300904	0.0305103	0.0307887	0.0310825	0.0314897	0.99995
